Norte
35.2 38.1 40.5 42.0 39.5 36.1 33.0 35.5 37.2 41.1 45.0 43.2 40.1 38.5 36.0 34.2 37.8 39.5 41.2 40.0 38.1 36.5 35.0 37.1 39.8 42.5 44.1 41.0 38.5 36.2
Sur
15.0 16.5 14.2 13.8 15.5 17.1 18.0 16.2 15.8 14.5 13.0 12.5 14.1 15.5 16.8 17.5 16.0 15.2 14.8 13.5 12.8 14.0 15.2 16.5 17.0 16.2 15.5 14.8 13.9 14.5
Centro
25.5 27.0 29.5 31.2 28.0 26.5 24.8 25.1 27.5 30.0 32.5 31.0 28.5 26.2 25.0 24.5 26.8 29.1 31.5 30.2 28.1 26.5 25.8 27.2 29.5 32.0 31.5 29.0 27.5 26.0
Este
10.5 11.2 9.8 8.5 9.0 10.1 11.5 12.0 10.8 9.5 8.2 8.8 9.5 10.2 11.0 11.8 10.5 9.2 8.5 9.1 10.0 11.2 12.5 11.8 10.5 9.8 8.5 9.2 10.1 11.0
Oeste
18.5 19.2 21.0 22.5 20.1 18.8 17.5 18.0 19.5 21.8 23.0 22.1 20.5 19.0 18.2 17.8 19.1 20.5 22.2 21.5 19.8 18.5 18.0 19.2 21.0 23.5 22.8 20.5 19.1 18.5
